4.858792769814 3.717973596028
4.642014564892 4.016932969230
4.390332147195 4.432969999313
4.105104902560 4.698872936794
3.758929360037 4.988428626742
3.389894002306 5.469907428333
3.021186211599 5.564515149934
2.654284006074 5.634676827294
2.321826058024 6.184317752429
1.979529454542 6.225307368006
1.664028282567 6.332162562234
1.400353736037 6.780699701037
1.142660774929 7.116554161072
0.929767075597 7.172841244289
0.772792340301 7.628442907606
0.639939556061 7.341715723855
0.520121851391 7.518793613979
0.406536721561 7.529518105643
0.319042850084 7.420894730704
0.238486968493 7.672590088436
0.182680267238 7.737934936796
0.149712723077 7.875791304452
0.134241229627 7.947410595485
0.122966325619 7.906037096296
0.117122549663 8.158047776086
0.113022537467 8.161198857989
0.107167363568 8.329356577737
0.102716621198 8.244236153194
0.101168248349 8.384775435311
0.099779476785 8.310317373548
