4.184862983241 5.550975788116
4.091286030579 5.471216277440
3.964248204399 5.319925237974
3.797863479447 5.386978213310
3.596859911016 5.371331311544
3.341005492712 5.402749087652
3.062616296182 5.473201470693
2.722702254939 5.644020699819
2.354215790610 5.693612410863
1.974418396197 5.756817562421
1.596777251142 5.938123127302
1.220476811839 6.042686388334
0.902251398112 6.048252049764
0.656284730066 6.294196272214
0.502021810694 6.414777715365
0.401635901266 6.673058091482
0.332588459090 6.824538475672
0.287762228609 6.936366022110
0.249705893531 7.077130605062
0.221406856352 7.162773475647
0.200055985296 7.273416444143
0.184845439812 7.517244660060
0.168943917295 7.509521277746
0.157628922127 7.607826869011
0.144923374402 7.769609590213
0.136563414003 7.766301115672
0.128796266533 7.990572221756
0.121581282561 8.001272415797
0.117651231393 8.113530842463
0.112524940911 8.179585200628
